-1.2396,-0.13838,1
0.59351,1.5562,1
-5.1945,0.31818,1
-0.7807,0.50366,1
-1.5492,0.19563,1
-3.8494,0.76202,1
-2.6132,0.17608,1
-1.5155,4.8278,1
3.0606,-2.0207,1
1.9166,-3.2117,1
-3.909,-1.9757,1
2.292,-1.8937,1
-0.97412,-0.75103,1
-2.0892,-0.2918,1
-0.9892,-0.37851,1
-2.2899,0.93762,1
-2.1756,0.67423,1
0.10675,1.3012,1
-0.0073243,3.08,1
0.0042127,2.1184,1
-1.0504,-2.2227,1
-3.7076,-4.0339,1
-0.98567,1.5622,1
0.3055,-3.1794,1
-1.3086,0.11563,1
-0.53672,0.061452,1
-0.97203,3.8576,1
-2.4291,-0.11988,1
-1.5844,-0.87871,1
-3.1134,0.40843,1
-0.74362,0.42575,1
-3.6222,0.12132,1
-3.5116,-1.0541,1
-3.1448,-2.1176,1
-6.1638,0.54819,1
0.034177,-2.3259,1
-1.5401,-1.7878,1
-3.0676,2.3057,1
-0.062105,-0.72556,1
-4.4204,-0.24304,1
-2.1446,1.5585,1
-2.3415,-0.51981,1
-1.5486,1.7829,1
-1.5576,-0.59767,1
-3.2231,1.7542,1
-2.0425,1.09,1
-2.2332,-0.36895,1
-1.1123,-1.4994,1
-0.45389,-1.8067,1
-0.43125,-0.46777,1
-3.2214,-0.75888,1
-1.8906,-0.70784,1
-3.717,1.7036,1
-3.5747,-0.51563,1
-2.0097,1.9809,1
0.16747,-0.92079,1
-3.0885,1.6845,1
-1.4748,-0.90456,1
-2.319,0.30584,1
-0.41982,1.6814,1
-3.5402,-0.71702,1
-1.954,-0.75911,1
-1.2186,3.47,1
-0.4435,1.6472,1
0.18385,-0.74825,1
-1.8785,1.124,1
-4.1094,-0.62367,1
-3.0498,1.2226,1
-3.5013,2.4523,1
1.324,-2.7791,1
-2.8706,1.782,1
-0.94206,2.5253,1
-2.2721,0.082223,1
-0.74332,3.0246,1
-3.0817,0.26914,1
-3.9831,-2.1428,1
-4.0115,-3.7992,1
-1.3096,-0.57748,1
-2.2508,1.2359,1
-2.2773,0.54977,1
0.0072077,0.71639,1
-1.5876,-0.99954,1
-1.7203,0.24942,1
0.24535,-2.8383,1
-3.1377,-1.3165,1
-1.0148,-1.4182,1
-0.81901,0.9002,1
-2.3447,-0.024526,1
-1.695,-2.0014,1
-3.6488,-0.016498,1
-3.6235,-1.1948,1
-1.8517,-1.1548,1
-0.97858,1.4968,1
1.6564,0.19645,1
-2.9431,0.68998,1
-1.7351,1.5311,1
-2.1167,0.31222,1
-4.7337,0.95411,1
-2.6208,1.1829,1
-4.5381,2.0276,1
-0.81153,0.82421,1
-3.2559,2.4461,1
-1.8584,0.039159,1
-2.7701,-0.082912,1
-1.5708,2.9468,1
-2.849,-0.88285,1
-1.3071,-0.0049449,1
-0.95438,1.5933,1
0.42097,0.25948,1
-2.2745,2.4334,1
-5.0241,1.7912,1
-3.1874,0.50501,1
-0.084314,-1.347,1
-3.5163,0.98155,1
-0.64101,-2.3948,1
-1.8246,0.42344,1
0.031796,1.4003,1
-4.7731,0.369,1
-2.2796,1.5236,1
-3.7082,3.5314,1
2.1125,1.6003,1
-0.83296,0.46231,1
-0.049839,1.1114,1
-3.4965,0.73696,1
-2.6627,-2.2772,1
-2.3853,-0.72125,1
-0.44659,2.1212,1
-2.393,-0.07549,1
-1.0079,1.0088,1
-4.9017,-1.7433,1
-2.5004,0.11175,1
-3.1647,1.0397,1
-4.2303,-2.3582,1
-1.2816,0.60205,1
-1.6012,-0.31496,1
-1.9527,-1.6273,1
-3.8861,-0.065009,1
-0.40549,-3.2845,1
-1.5048,-3.6858,1
-2.4229,-2.0385,1
-1.9676,-1.7157,1
-2.3705,-2.0318,1
-4.4752,-2.9885,1
-2.404,0.49923,1
-3.1757,-2.7612,1
-3.3848,0.1909,1
-3.6354,1.3632,1
-2.7546,-0.0038569,1
-4.8322,0.16127,1
-0.63637,-0.65499,1
-1.2645,-2.5681,1
-2.0283,-0.075896,1
-2.0492,1.6642,1
-3.1288,3.0107,1
-0.55936,-0.74514,1
-2.1884,-2.8186,1
-3.0105,0.28812,1
-0.088852,0.65171,1
-2.3179,-0.39309,1
-2.833,-1.99,1
-2.4154,3.5062,1
-3.1991,-4.0868,1
-3.5841,-0.8833,1
1.5723,-2.2891,1
0.34123,-1.1018,1
-1.5651,0.55053,1
-3.7778,0.23911,1
-3.224,-1.231,1
-2.2497,1.3458,1
-0.88077,1.078,1
-3.8837,1.1213,1
-5.2949,-0.73722,1
-4.0493,1.8162,1
-1.5283,1.1444,1
-1.4465,4.3453,1
-1.3612,1.842,1
-2.1843,2.0038,1
-1.7402,0.091762,1
-2.6734,-2.2316,1
-0.78092,-0.64297,1
-3.9257,-1.3125,1
-1.3565,-0.97682,1
-3.2003,0.96153,1
-2.4736,-0.96437,1
-1.2182,-1.5504,1
-0.5305,-0.70898,1
-3.5806,-0.27866,1
-0.21716,0.70899,1
-1.0664,-1.65,1
-2.096,0.54961,1
-2.2761,0.13513,1
-2.3077,2.2939,1
-2.4287,-0.36922,1
-1.9674,-0.23292,1
-1.9275,-2.0288,1
-0.83177,-2.3993,1
0.15947,0.53782,1
-1.3397,-0.43213,1
-2.2966,0.87251,1
-1.1158,-1.5461,1
-1.7409,3.3056,1
-3.4563,0.21171,1
-0.6576,1.8135,1
-1.5657,-0.39304,1
-1.8088,-0.28146,1
-1.2713,1.1952,1
-1.6303,0.9626,1
-3.3315,-1.9403,1
-2.2296,-2.6547,1
-2.2066,-1.9016,1
-2.7524,-2.4522,1
0.37885,0.10318,1
-3.2385,-0.71231,1
-2.6842,-0.63741,1
-3.0069,-2.3573,1
-3.6606,1.3503,1
-2.2719,0.76108,1
-2.3876,-0.15523,1
0.16385,1.7687,1
-2.3522,-1.5138,1
-3.505,0.71828,1
0.26763,0.60352,1
-0.2539,0.60493,1
-2.3247,-1.2631,1
-4.13,0.5661,1
-2.6288,-0.8918,1
-2.2205,-1.5527,1
-1.6096,-2.0841,1
-2.3693,1.7975,1
-1.3729,-1.4652,1
-1.4458,-0.2995,1
-3.7687,-2.0934,1
-3.3406,-0.51464,1
-3.0481,-5.5981,1
-2.7182,-1.8827,1
-2.4534,-2.4707,1
-1.9824,-1.7571,1
-6.2839,-0.36939,1
-2.6463,-0.56352,1
-0.24291,3.3678,1
-3.5085,-0.99034,1
-0.67951,-0.43307,1
-1.5046,-2.7181,1
-2.041,-0.82685,1
-1.742,-2.3174,1
-4.2133,0.052479,1
-2.1196,1.4776,1
0.26832,0.70019,1
-1.8609,-1.2135,1
-1.9415,-2.8242,1
-3.0383,2.5288,1
-2.0436,3.5508,1
-1.6714,0.20871,1
-1.397,-1.7146,1
-2.5272,2.0746,1
-2.3344,-1.0265,1
0.86193,-0.81373,1
-5.1938,1.5353,1
1.1529,-2.3993,1
-1.5226,-3.3892,1
-0.5857,0.72865,1
-4.3535,0.6941,1
-2.8344,0.16479,1
-2.3932,0.86028,1
-1.4022,1.8745,1
-4.362,1.6809,1
-1.333,-0.98479,1
-3.7152,1.4029,1
-1.9064,0.30007,1
-1.0774,-0.87563,1
-1.5375,-2.0669,1
-0.46893,1.1206,1
-0.57719,-0.61249,1
-2.9205,0.080427,1
-1.6365,-1.3734,1
-3.3356,-2.6856,1
-3.8693,0.2972,1
-0.6921,-0.10763,1
-1.9999,2.0768,1
-2.0777,1.3886,1
-0.71147,1.8244,1
-1.1591,-1.2971,1
-1.5047,-1.6218,1
-0.23188,-2.1981,1
-0.68508,0.86253,1
-1.6609,4.8308,1
-2.9763,1.2602,1
-2.9214,-1.339,1
-0.31411,1.4491,1
-4.2795,-1.9543,1
-2.0346,-2.4673,1
-4.7561,1.2426,1
-0.5568,-1.3474,1
-0.78135,0.5473,1
-1.9984,2.4362,1
-2.1002,0.69477,1
-5.5161,1.6102,1
-1.1781,-2.7813,1
-5.1006,1.1458,1
-5.28,3.704,1
-1.887,0.93728,1
-3.3414,-2.6689,1
-1.4181,-0.35185,1
-1.0426,-0.86597,1
-0.78698,0.66342,1
-2.9774,0.71367,1
-1.3645,0.70233,1
-1.8577,-0.63009,1
-0.83176,-1.038,1
-1.2418,-1.0212,1
-0.73019,1.4784,1
-2.1866,-3.2095,1
-2.2082,-0.35906,1
-0.57479,0.46831,1
-5.0033,-1.1306,1
-2.7136,0.82658,1
-3.7969,-0.12353,1
-2.5411,-1.6252,1
-1.0826,0.27949,1
-0.83225,-0.46451,1
-3.4353,-0.70992,1
-2.6662,-1.232,1
-1.8062,0.10643,1
-2.4128,-3.1976,1
-1.5732,-0.68993,1
-1.4344,-0.94145,1
-3.3152,-1.5795,1
-2.2501,1.1305,1
-5.0152,-1.2718,1
-0.38021,0.9364,1
-2.8897,1.6902,1
-3.7025,-0.27171,1
-2.3591,0.48116,1
-4.0204,1.1077,1
-2.0295,-0.14026,1
-2.7929,0.93681,1
1.0798,-2.1868,1
-0.38997,1.9233,1
-5.5311,-1.714,1
-1.3759,-3.1676,1
-3.9773,2.398,1
-2.3607,-0.10865,1
-1.7675,0.77755,1
-0.94254,-0.62918,1
-2.3861,-1.7677,1
0.22923,-5.3226,1
-2.6801,1.0847,1
-1.5368,-0.49655,1
-1.0599,-0.34181,1
-1.8795,0.70253,1
-0.75414,-2.4584,1
-1.5429,-1.2634,1
-3.109,1.9872,1
-4.5532,1.0355,1
0.62845,-2.2192,1
-2.8549,-3.8162,1
-1.8538,-0.98943,1
-1.2036,0.37065,1
-1.8393,1.6322,1
-3.2795,0.16234,1
-2.6614,-1.9439,1
-2.1766,0.53028,1
0.091563,-2.0305,1
-3.2174,-1.6644,1
-0.89031,-1.1323,1
-1.5635,-2.1294,1
-2.3307,-0.46933,1
-3.4948,-1.5588,1
-2.4018,-0.49482,1
-2.1226,-0.80094,1
-4.078,-0.70977,1
-1.7282,-0.87216,1
-3.1629,2.1361,1
-2.1333,1.0571,1
-1.5245,0.10232,1
-3.2794,-2.5408,1
-2.4077,-2.816,1
-1.5049,-3.4031,1
-4.5963,4.5123,1
-0.53491,1.6842,1
1.4287,0.4451,1
-0.6432,-1.6874,1
-2.4466,-1.9856,1
-1.3938,0.94854,1
-3.4651,2.7108,1
0.6557,-2.933,1
-0.66964,-0.77838,1
-0.88652,-0.146,1
-3.2387,-3.4502,1
-1.5475,1.4571,1
-2.7895,-0.71821,1
-2.4404,3.312,1
-2.8061,-0.67706,1
-3.4506,0.70872,1
-3.2852,-1.9787,1
-2.2968,-1.0823,1
-4.4026,-2.0243,1
-1.1407,0.67996,1
-2.1666,2.2549,1
-1.0112,-1.0282,1
-1.6187,0.75582,1
-1.301,-0.87358,1
-4.0974,0.17686,1
-3.4429,2.072,1
-2.6321,0.20834,1
-1.8449,-1.7959,1
-0.40373,-1.4845,1
-2.4101,-0.29423,1
-0.2159,-0.33198,1
-1.3276,-1.4996,1
-0.33955,0.31292,1
-1.8205,2.1937,1
-2.9289,-0.43504,1
-4.095,-0.35433,1
-1.7801,-3.8131,1
-0.84239,-1.3415,1
-2.4138,-2.4132,1
-2.7648,-0.66898,1
-2.4365,0.91034,1
-3.5508,2.6384,1
-2.6972,3.1151,1
-2.2556,-0.20245,1
-1.9352,-0.5546,1
-2.0902,1.416,1
-1.1354,0.84898,1
-1.8454,1.3255,1
0.56541,1.348,1
-1.5587,-2.564,1
0.55194,0.93594,1
-3.0226,-0.15855,1
-1.2554,-1.3168,1
-2.3681,-1.2013,1
-1.1513,2.2195,1
-1.1601,-1.4025,1
-5.0915,-2.1422,1
-3.8767,0.37185,1
-4.0379,3.4828,1
-1.4317,0.044262,1
0.079179,0.53399,1
-2.4622,-1.6251,1
-0.8512,2.8998,1
-1.2285,0.21649,1
-3.4872,0.91816,1
-1.4379,-1.649,1
-3.0633,1.4792,1
0.14433,0.67402,1
-2.0461,-2.0023,1
0.31365,0.068832,1
-2.6011,-0.78046,1
-1.1664,0.18922,1
-2.0888,-0.43397,1
-4.8595,-0.32892,1
-3.3889,-1.7891,1
-1.1338,-0.55996,1
-2.0776,1.3277,1
-3.5821,3.0219,1
-2.8858,-2.0101,1
-1.6471,4.1178,1
-3.4043,2.6432,1
-0.62121,0.29186,1
-2.9061,-0.52171,1
0.55812,-1.2101,1
-3.5272,1.4424,1
-1.7183,-1.2031,1
-4.1511,-0.8,1
-3.0234,1.5305,1
-2.839,0.75508,1
-1.4324,1.5532,1
-0.66762,0.87422,1
-1.575,-0.69437,1
-2.5276,-0.89001,1
-0.84673,1.3793,1
-0.8702,-1.1625,1
-1.83,2.0554,1
-1.1921,1.3695,1
-1.4162,0.49835,1
-3.3958,0.0055878,1
-0.92581,0.63327,1
-2.9294,6.1084,1
-2.8541,-0.19475,1
-1.7498,-2.6961,1
-2.4349,3.3171,1
-2.1864,1.0563,1
-1.158,-1.1222,1
-0.51955,4.5334,1
-2.28,0.95427,1
-1.5366,0.50958,1
-2.337,-1.3473,1
-1.6753,-1.8445,1
-1.3777,-3.063,1
-2.8724,-0.73252,1
-1.6113,-1.824,1
-1.1499,1.1219,1
-1.8695,-0.55015,1
0.44637,3.064,1
-2.8606,2.6164,1
-3.0424,0.28407,1
-4.4747,-0.48976,1
-0.71238,1.9956,1
-0.77376,-1.9858,1
2.9528,-2.9181,2
1.0537,0.71559,2
1.4339,0.86905,2
1.0499,0.14387,2
2.8141,0.27331,2
0.89961,-0.91442,2
0.4959,1.2524,2
2.782,-1.4721,2
1.4012,-1.3794,2
2.5114,1.2563,2
1.5024,2.9212,2
2.3812,-0.66925,2
-1.6267,-0.87482,2
2.6588,0.7068,2
4.6213,1.8574,2
3.4698,1.6766,2
3.2882,0.46791,2
1.661,-1.0988,2
2.256,1.0908,2
2.3454,-0.13724,2
2.1363,2.3849,2
0.82554,-2.4391,2
1.5018,0.24462,2
1.7528,2.2339,2
1.3203,-0.85725,2
3.1835,-1.0822,2
5.5898,-1.6171,2
0.12852,-0.48277,2
2.1815,-0.34732,2
-0.039832,0.23684,2
3.842,-1.53,2
3.9939,0.14296,2
-0.35119,-1.0459,2
4.7488,-0.63866,2
0.466,-1.4518,2
2.3208,-0.48926,2
3.5541,6.1832,2
2.2082,5.902,2
5.2466,1.9865,2
5.8927,1.3636,2
2.1956,-2.2138,2
-0.697,-1.0125,2
1.4838,-1.0728,2
0.80059,0.92717,2
0.91848,0.83656,2
0.4052,0.18788,2
2.1106,-0.58939,2
4.9792,-1.6036,2
0.98764,0.0092174,2
1.6033,1.9731,2
3.6496,0.74021,2
3.7152,0.31356,2
2.6867,1.1388,2
3.451,1.0119,2
3.2314,-2.7998,2
1.4601,0.032518,2
2.6065,-0.73779,2
1.577,-3.523,2
0.72739,-2.3011,2
2.8977,-0.55406,2
2.0954,1.4297,2
1.7354,-0.39715,2
2.4126,0.45423,2
3.3968,-1.5553,2
2.5557,-3.7366,2
2.2751,0.16267,2
2.3957,-1.6475,2
2.0724,2.031,2
0.90474,3.0053,2
3.1127,-0.6438,2
3.9925,2.0661,2
1.2447,1.6518,2
4.7263,-2.4509,2
1.7507,-0.057775,2
1.6553,0.45227,2
0.7306,0.90585,2
0.87947,1.1722,2
0.65229,1.1681,2
2.5005,1.175,2
4.2585,-0.5414,2
2.746,0.65687,2
3.208,-3.9021,2
3.8977,-2.0236,2
-1.5349,2.0819,2
1.763,-1.1444,2
2.4992,0.56735,2
3.0143,2.6122,2
0.15466,-1.5396,2
0.57749,-1.6615,2
3.1182,-0.85341,2
1.8351,0.76393,2
2.7822,-0.35466,2
0.64144,-1.6936,2
-0.31055,-2.7244,2
3.0765,-0.64131,2
3.6876,-0.38304,2
4.3081,-0.92702,2
-0.16684,-0.45375,2
0.10941,-1.8973,2
-0.084334,0.9513,2
1.9411,-3.7666,2
1.1295,0.25048,2
3.8585,1.1588,2
-0.057775,-1.4702,2
-0.46405,-0.098883,2
2.2903,0.50539,2
3.6871,-1.0646,2
0.86464,-0.023631,2
0.21012,0.7138,2
1.7888,-1.6232,2
-0.31429,1.4465,2
2.0245,1.8958,2
3.1715,0.5563,2
2.3079,0.026176,2
-0.70008,-2.017,2
1.2408,0.85709,2
1.5729,-2.1059,2
4.5648,2.7553,2
3.2938,0.91188,2
1.9193,0.45868,2
3.8517,-0.68173,2
0.52252,-3.7695,2
1.5075,-2.0709,2
3.9977,0.63277,2
4.1247,4.1785,2
3.0329,1.2821,2
2.694,0.5365,2
1.1711,-0.93875,2
3.0534,0.2118,2
0.82881,1.6667,2
2.8125,-0.4399,2
2.3986,3.2766,2
3.6112,-2.1135,2
1.3977,-0.65166,2
2.8996,0.09081,2
3.1217,-3.3843,2
0.7295,0.97934,2
2.221,0.13474,2
4.2589,0.13978,2
2.159,1.3765,2
1.5635,1.8077,2
2.6458,1.3894,2
1.6109,-0.81203,2
2.6267,-0.0807,2
1.8094,0.6122,2
1.9741,-2.1768,2
2.6517,-1.7945,2
3.9266,-0.73952,2
2.639,0.13453,2
4.3312,3.102,2
-0.86854,1.3809,2
1.3647,-0.76643,2
2.3337,-1.0896,2
0.81889,2.6566,2
0.19553,4.7346,2
2.8726,0.29001,2
2.8665,-0.82942,2
2.4092,-2.4468,2
2.5591,1.6887,2
0.76884,0.50181,2
1.2962,2.0185,2
1.8491,-1.5739,2
1.0273,0.41669,2
2.4694,-1.1328,2
5.3449,2.2083,2
1.318,-0.95469,2
2.9156,-0.1514,2
0.5371,-0.60244,2
3.8944,1.7216,2
0.62943,0.74207,2
2.2952,-1.7393,2
1.1252,-1.0958,2
2.7241,-1.8112,2
2.0161,0.87591,2
1.9378,0.57496,2
6.1706,-2.8326,2
1.109,-3.3027,2
1.9337,-0.069973,2
5.7944,1.2076,2
0.37833,0.29237,2
2.7821,-2.6739,2
0.47766,-2.6878,2
3.4575,1.5018,2
2.4632,-0.25179,2
2.9222,-0.66899,2
1.6056,2.2797,2
2.3468,-1.3795,2
4.0824,0.23459,2
-1.2175,0.72366,2
-0.30982,1.4201,2
2.5876,-1.4798,2
1.074,0.61889,2
1.5809,4.7605,2
-0.11696,-2.6206,2
0.72037,0.75167,2
1.4284,-0.39797,2
0.97357,-1.4326,2
0.77461,-1.441,2
1.4034,0.86239,2
0.66687,4.0108,2
3.8977,-1.3749,2
0.60214,0.93697,2
4.571,-0.96832,2
1.4705,3.4235,2
-0.053071,0.94338,2
1.1251,-0.23886,2
3.3216,1.0737,2
3.4933,-0.0096697,2
2.2266,1.9177,2
2.4064,-0.32145,2
2.8951,-1.9424,2
-0.063397,0.42686,2
1.1773,2.7038,2
-0.58822,-2.0726,2
1.3649,-0.41975,2
3.3425,1.7404,2
3.0146,-3.3258,2
5.2355,1.0833,2
2.2358,1.3042,2
-1.0497,0.36976,2
4.3892,-1.3341,2
3.8134,-0.012358,2
1.176,0.1614,2
2.3148,1.6199,2
3.1023,1.1492,2
2.5441,-0.60662,2
2.9848,2.8057,2
1.8406,-0.088046,2
1.9451,-1.4076,2
2.1246,-0.75937,2
0.88326,1.4872,2
4.0124,0.33812,2
2.009,1.5396,2
2.9708,0.1199,2
0.79094,4.3073,2
0.47939,-2.885,2
1.8714,-0.72041,2
1.6425,-0.14588,2
3.6897,0.15459,2
2.8571,2.5221,2
2.7644,0.3801,2
-0.043453,-0.19897,2
0.63147,0.11882,2
2.2857,1.3016,2
1.508,-1.1941,2
3.8245,0.78083,2
3.8967,-2.7107,2
1.1786,-0.13648,2
3.2376,-1.6312,2
3.9735,-1.1308,2
2.4539,0.48935,2
4.2958,-1.9487,2
3.5025,-1.713,2
2.3028,-2.6255,2
3.24,-3.8599,2
2.2749,-0.26244,2
1.4133,2.0139,2
2.5069,-0.31512,2
2.0512,-0.40522,2
1.4843,-1.813,2
4.5046,2.7424,2
2.3129,-0.432,2
5.8613,2.2413,2
1.5812,0.62697,2
2.798,-0.45562,2
4.2382,1.8743,2
5.8597,1.7016,2
2.4293,-0.19303,2
0.88241,2.2447,2
3.1362,3.0853,2
0.13338,-0.11365,2
1.6127,-0.44285,2
2.3845,0.70085,2
4.1065,0.60926,2
4.0324,1.3987,2
1.961,-0.4427,2
3.3066,1.2386,2
1.5456,1.8162,2
2.935,0.30752,2
4.7086,0.26552,2
2.2217,-2.1726,2
1.575,-2.0314,2
1.2928,-2.5313,2
3.0132,-2.1552,2
3.8912,-0.26864,2
5.0062,-2.7971,2
2.0764,3.8903,2
2.2306,1.2805,2
1.1052,-3.5813,2
4.2797,-1.9997,2
1.8933,-0.18566,2
1.3307,-2.9668,2
5.089,-0.79656,2
3.1453,1.8897,2
3.0131,-0.28385,2
0.57791,-0.11646,2
2.6137,-1.7348,2
2.7356,-0.96243,2
0.45533,-2.341,2
1.6807,0.63083,2
1.4274,-0.78325,2
2.7465,1.3568,2
0.57594,2.143,2
3.5401,1.8658,2
4.5242,-0.060347,2
1.5704,-0.87293,2
1.9877,-2.1201,2
2.7165,0.20526,2
3.7017,1.6619,2
2.7382,-0.59051,2
2.5615,-0.3002,2
1.3172,1.0675,2
1.6726,1.4964,2
2.8675,-2.4542,2
4.3799,0.34633,2
2.8038,0.33918,2
0.29442,-0.26177,2
2.6124,1.5463,2
1.8697,-0.6308,2
1.6549,-1.431,2
1.69,0.47807,2
0.75582,0.79639,2
1.5463,-0.37673,2
0.89067,1.3789,2
1.4839,-2.6293,2
2.1658,-1.8618,2
2.2466,-5.3211,2
1.695,0.9031,2
1.7842,-1.7165,2
2.0476,-0.43843,2
2.6481,1.7481,2
3.8125,0.088355,2
2.8769,-0.76285,2
1.5946,-1.4696,2
2.8457,-0.41633,2
1.6528,1.0443,2
-0.51834,-2.6262,2
-1.3195,-0.11838,2
-0.42339,1.3551,2
1.6647,-2.4608,2
1.1237,1.1594,2
0.98154,1.1834,2
2.0575,-1.5279,2
1.0681,-2.6059,2
1.1083,0.75022,2
2.8621,1.3999,2
3.1064,1.0028,2
5.4459,1.3213,2
2.4277,-2.0475,2
2.0825,1.0113,2
1.1881,-1.0046,2
1.7239,-0.97232,2
1.9285,-2.6949,2
-0.48304,1.9056,2
1.636,0.30321,2
3.06,1.7383,2
1.1928,2.6171,2
2.699,-1.9698,2
3.4021,1.1137,2
3.5233,-0.022101,2
3.0986,1.5835,2
-1.1959,1.9186,2
1.2019,1.4211,2
3.2749,-1.4161,2
2.5582,-0.21908,2
2.0069,0.45751,2
2.6179,5.4707,2
3.5982,2.1246,2
2.2175,4.0195,2
0.92714,0.71793,2
1.7452,0.3669,2
1.7061,1.062,2
3.2682,-0.91414,2
2.5831,2.1505,2
2.7743,-0.27302,2
2.2091,-2.3791,2
1.4877,1.5083,2
2.0865,-2.7168,2
2.3065,-3.1943,2
0.022756,0.49954,2
2.253,-1.647,2
3.3118,-1.5774,2
1.8442,-0.2805,2
4.2237,-0.8468,2
2.7927,-0.38587,2
1.4055,0.47123,2
1.7823,-2.024,2
1.6108,-2.1204,2
2.341,-3.6364,2
3.0673,-0.67592,2
1.5872,1.1506,2
2.6483,-1.2164,2
4.4824,0.86832,2
3.3173,0.93585,2
3.1671,1.716,2
0.84769,1.7137,2
1.2445,-1.1931,2
2.343,-1.4841,2
1.8577,0.083814,2
-0.29817,-1.1516,2
-0.14172,2.5162,2
3.4513,2.39,2
0.92785,0.16478,2
4.9392,-0.73981,2
-1.1424,0.88475,2
2.6346,-1.1367,2
2.0009,-0.21654,2
0.93052,-0.9188,2
2.5718,0.18288,2
0.87732,1.9544,2
3.2159,1.286,2
2.0946,1.9808,2
-0.31844,-1.5843,2
-1.4291,0.31143,2
1.5986,-1.7032,2
3.6204,0.66654,2
2.2562,0.56412,2
2.0767,2.2453,2
2.9726,1.9039,2
0.029424,1.1314,2
4.0158,-0.87481,2
0.7359,-0.82445,2
2.0534,-3.5534,2
1.4858,-0.77649,2
2.2115,-2.6868,2
-0.74996,1.6105,2
4.1551,1.5622,2
2.7719,0.23952,2
4.8425,-0.65542,2
4.0035,0.24779,2
2.0162,2.78,2
0.67198,2.3367,2
-0.45919,-0.77672,2
2.024,0.2917,2
2.3099,-1.9408,2
3.479,0.69409,2
0.65511,1.2801,2
3.124,1.5589,2
2.101,-2.6521,2
0.90584,0.87403,2
3.0948,-1.4969,2
2.3757,-0.65221,2
1.6675,1.3649,2
4.6549,0.51651,2
2.8616,-0.28361,2
1.844,1.0509,2
2.3924,2.831,2
2.1231,-1.0799,2
2.2455,-2.3384,2
2.6415,-2.0131,2
1.1465,-1.6355,2
0.87284,-1.1626,2
2.51,0.99884,2
4.6659,-3.6127,2
1.5661,0.4087,2
0.56779,-1.3483,2
1.6626,1.9045,2
1.3155,-1.4819,2
1.5371,0.01309,2
2.6725,-1.6239,2
1.8161,-1.1805,2
1.1595,-0.45057,2
1.3724,-0.39629,2
0.12966,-0.909,2
0.78445,1.9543,2
0.0017146,0.95287,2
1.2703,3.2132,2
0.46544,-0.4803,2
0.99993,1.8475,2
1.5734,-3.636,2
0.30232,1.1059,2
1.9726,0.6434,2
2.4814,-0.6481,2
0.63779,1.2044,2
3.5753,1.5201,2
-0.24309,1.7903,2
1.4459,0.7271,2
-0.099663,1.0411,2
1.5126,-1.1674,2
0.1277,-1.8969,2
1.1871,-0.46353,2
0.95248,0.32311,2
0.32415,1.6471,2
-0.92015,-1.3692,2
2.7991,-0.8478,2
4.8286,5.1519,2
5.1443,-1.0783,2
1.304,3.3261,2
1.9349,1.6648,2
1.3413,-0.96614,2
2.1074,-0.18456,2
0.70066,-0.37267,2
-0.71454,0.82011,2
1.9485,2.3654,2
0.26741,-2.8368,2
-0.69045,3.5052,2
5.3577,1.3472,2
1.67,-0.95073,2
2.5712,-0.21826,2
3.6864,0.51889,2
